             P45        P74         01         02         03         04         05         08        014        044        049       0142       0189         33         35         69        206        254        307        323        383        429        431        453        522        614        630        876        913        945       1127       1175       1241       1292       1409       1501       1611       1704       1739       1751       1884       1891       2138       2147       2200       2344       2401       2412       2495       2652         d5      gig51        p54        h55
P45     0.000000   6.349206   9.375000  11.718750  14.843750  19.565217  36.718750  32.812500  20.312500  16.406250  20.312500  17.968750  11.111111  19.531250  17.187500  18.750000  19.531250  16.406250  14.062500  17.187500  22.656250  13.281250  21.875000  15.625000  14.843750  23.437500  14.062500  20.312500  21.875000  12.500000  21.875000   7.812500  22.656250  21.093750  14.843750  21.875000  21.093750  14.062500   9.375000  20.312500  34.375000  14.062500  24.218750  21.093750  11.718750  21.875000  22.656250  24.218750  29.838710  19.531250  26.562500  17.968750  19.531250  36.363636
P74     6.349206   0.000000   8.148148   7.777778   8.148148  11.864407  34.831461  29.104478  17.490494  17.777778  18.148148  18.518519  11.200000  18.148148  15.925926  17.407407  17.777778  18.148148  14.074074  15.925926  20.370370  14.074074  18.888889  15.185185  15.555556  19.702602  12.962963  19.629630  18.518519  14.444444  18.148148   5.555556  19.629630  17.777778  13.108614  18.888889  19.259259  15.909091  12.222222  20.000000  32.462687  14.074074  21.111111  17.777778  13.333333  18.148148  19.259259  19.629630  23.193916  16.296296  24.344569  20.370370  21.561338  32.061069
01      9.375000   8.148148   0.000000  10.714286  10.000000  16.949153  36.823105  30.935252  19.047619  20.357143  19.642857  20.000000   8.593750  20.357143  18.214286  19.285714  20.000000  21.071429  14.642857  16.785714  22.857143  16.071429  21.785714  15.714286  17.500000  22.826087  15.357143  21.428571  19.642857  16.071429  20.000000   8.214286  21.428571  20.714286  15.162455  22.500000  21.785714  18.248175  13.928571  22.500000  34.172662  15.000000  23.571429  20.714286  15.357143  21.071429  21.071429  22.500000  26.739927  17.857143  26.714801  22.500000  23.297491  36.641221
02     11.718750   7.777778  10.714286   0.000000   9.642857  13.559322  35.740072  28.057554  16.483516  17.500000  17.500000  18.928571  10.156250  18.214286  16.071429  16.428571  17.857143  18.214286  12.857143  16.428571  20.000000  14.642857  18.214286  13.928571  15.357143  20.652174  13.928571  18.928571  17.857143  14.642857  18.928571   6.785714  18.928571  17.142857  15.162455  17.857143  18.928571  16.788321  12.500000  20.714286  31.294964  13.571429  20.714286  17.857143  13.928571  18.928571  18.928571  20.000000  24.542125  16.071429  25.631769  21.785714  23.297491  33.587786
03     14.843750   8.148148  10.000000   9.642857   0.000000  13.559322  35.018051  25.539568  17.582418  17.142857  17.857143  18.571429   4.687500  16.428571  15.714286  16.785714  17.500000  18.571429  15.357143  16.071429  20.357143  14.285714  19.285714  16.428571  15.714286  20.289855  12.857143  17.500000  18.928571  14.285714  18.214286   7.857143  18.571429  18.214286  13.718412  20.000000  18.571429  16.788321  12.142857  18.928571  28.776978  13.928571  19.642857  19.285714  13.571429  18.214286  19.285714  19.642857  22.710623  17.142857  25.631769  21.428571  22.222222  32.061069
04     19.565217  11.864407  16.949153  13.559322  13.559322   0.000000  47.457627  28.813559  22.033898  18.644068  22.033898  16.949153   0.000000  20.338983  16.949153  20.338983  18.644068  22.033898  18.644068  18.644068  23.728814  15.254237  25.423729  18.644068  16.949153  27.118644  16.949153  27.118644  27.118644  16.949153  27.118644  11.864407  22.033898  25.423729  13.559322  20.338983  23.728814  16.949153  15.254237  22.033898  28.813559  16.949153  25.423729  20.338983  16.949153  20.338983  25.423729  27.118644  27.272727  20.338983  37.288136  27.118644  25.423729  37.931034
05     36.718750  34.831461  36.823105  35.740072  35.018051  47.457627   0.000000  44.363636  35.185185  36.823105  35.740072  35.740072  35.937500  35.018051  34.657040  35.740072  36.101083  36.823105  33.574007  35.740072  39.350181  34.296029  36.823105  33.935018  35.018051  36.996337  33.212996  34.657040  35.379061  34.296029  36.462094  33.212996  36.823105  35.740072  35.036496  37.545126  33.935018  36.531365  32.851986  39.711191  47.272727  34.296029  35.018051  36.823105  33.212996  38.628159  35.018051  36.462094  39.629630  35.018051  14.079422  31.768953  26.811594  25.781250
08     32.812500  29.104478  30.935252  28.057554  25.539568  28.813559  44.363636   0.000000  23.985240  24.820144  23.741007  25.179856  27.777778  24.460432  22.661871  25.179856  24.460432  24.460432  26.978417  24.820144  26.258993  23.021583  23.021583  27.338129  24.820144  24.087591  23.741007  26.258993  24.100719  24.100719  24.460432  24.820144  24.460432  21.942446  24.363636  25.179856  24.460432  26.838235  24.460432  27.697842   3.597122  24.460432  25.899281  26.258993  23.741007  28.417266  24.460432  23.381295  29.520295  23.741007  36.000000  31.294964  30.324910  41.984733
014    20.312500  17.490494  19.047619  16.483516  17.582418  22.033898  35.185185  23.985240   0.000000  12.087912   3.663004   8.058608  16.406250  13.186813   6.593407   9.890110   6.959707   7.692308  13.919414   8.791209   8.791209  11.721612   9.157509  14.285714  13.919414  13.011152  10.989011  13.553114   8.058608  12.454212   8.058608  15.384615   4.761905   8.058608  11.481481   9.157509  13.186813  14.606742  12.087912  16.483516  27.306273  11.721612  14.285714  10.622711  11.721612  13.919414   4.395604  11.721612  14.661654   7.326007  26.296296  23.809524  24.264706  37.903226
044    16.406250  17.777778  20.357143  17.500000  17.142857  18.644068  36.823105  24.820144  12.087912   0.000000  12.142857  13.571429  14.843750  14.285714  10.357143  15.357143  12.142857  11.071429  16.071429  12.142857  13.571429  13.214286  12.500000  16.428571  15.357143  12.681159  13.214286  17.500000  13.928571  12.500000  13.928571  14.285714  13.214286  11.428571  14.440433  13.214286  13.928571  14.963504  12.857143  18.214286  27.338129  13.928571  15.714286  15.714286  13.214286  16.071429  13.928571  12.500000  19.413919  12.142857  28.158845  25.357143  25.448029  38.931298
049    20.312500  18.148148  19.642857  17.500000  17.857143  22.033898  35.740072  23.741007   3.663004  12.142857   0.000000   7.857143  17.187500  12.857143   6.071429   9.642857   6.428571   6.785714  14.285714   8.928571   8.571429  11.071429   9.642857  14.642857  13.214286  12.681159  10.357143  15.000000   7.857143  11.785714   7.857143  15.357143   5.000000   8.571429  10.830325   9.642857  13.214286  14.233577  11.785714  16.071429  26.258993  11.428571  14.285714  10.000000  11.071429  14.285714   6.428571  12.142857  15.018315   7.142857  27.436823  24.642857  24.372760  37.404580
0142   17.968750  18.518519  20.000000  18.928571  18.571429  16.949153  35.740072  25.179856   8.058608  13.571429   7.857143   0.000000  17.187500  14.642857   8.214286  11.785714   9.285714   9.285714  13.214286   9.285714  11.071429  10.000000  11.428571  13.928571  11.785714  13.043478   9.285714  15.714286  10.357143  11.071429  10.000000  15.000000   8.928571  10.357143  11.191336  11.428571  14.642857  13.503650  11.428571  14.285714  28.417266  11.785714  16.428571  13.214286  10.000000  15.357143  10.000000  12.500000  16.849817   8.928571  27.797834  25.357143  24.731183  35.877863
0189   11.111111  11.200000   8.593750  10.156250   4.687500   0.000000  35.937500  27.777778  16.406250  14.843750  17.187500  17.187500   0.000000  16.406250  16.406250  16.406250  17.968750  14.062500  11.718750  11.718750  17.968750  10.937500  14.843750  14.062500  10.937500  15.625000  10.937500  18.750000  14.062500  12.500000  14.062500   7.812500  17.968750  14.062500  14.400000  17.187500  16.406250  15.573770   8.593750  14.843750  31.746032  10.156250  19.531250  19.531250   9.375000  13.281250  17.187500  15.625000  22.656250  13.281250  24.218750  19.531250  17.968750   0.000000
33     19.531250  18.148148  20.357143  18.214286  16.428571  20.338983  35.018051  24.460432  13.186813  14.285714  12.857143  14.642857  16.406250   0.000000  10.714286  12.500000  12.500000  13.928571  15.000000  11.071429  15.714286  12.500000  12.142857  16.071429  14.642857  13.405797  12.500000  15.357143  13.214286  12.142857  13.571429  15.000000  12.857143  11.785714  15.162455  11.785714  13.928571  14.598540  12.857143  17.142857  26.978417  13.214286  15.000000  15.000000  13.214286  13.214286  12.142857  12.857143  18.681319  10.357143  28.519856  23.928571  24.014337  35.877863
35     17.187500  15.925926  18.214286  16.071429  15.714286  16.949153  34.657040  22.661871   6.593407  10.357143   6.071429   8.214286  16.406250  10.714286   0.000000   8.928571   2.142857   8.571429  11.785714   6.071429   8.928571   8.571429   8.928571  12.857143  10.714286  10.507246   8.571429  13.214286   8.214286   7.857143   7.857143  12.857143   7.500000   8.571429   9.386282   8.928571  11.428571  10.218978   8.928571  12.857143  25.179856  10.000000  13.214286   8.928571   8.571429  14.285714   7.142857  10.000000  13.553114   6.785714  26.353791  22.857143  22.580645  33.587786
69     18.750000  17.407407  19.285714  16.428571  16.785714  20.338983  35.740072  25.179856   9.890110  15.357143   9.642857  11.785714  16.406250  12.500000   8.928571   0.000000  10.000000  11.428571  13.571429  11.428571  12.857143  10.000000  12.500000  13.928571  11.428571  15.217391  10.000000  15.357143  10.357143  11.428571  11.071429  14.642857  10.714286  11.785714  11.191336  12.142857  16.071429  13.503650  11.785714  16.071429  28.417266  11.428571  17.142857  11.785714  10.714286  15.714286  11.071429  15.000000  18.315018   8.214286  27.797834  25.357143  24.014337  38.167939
206    19.531250  17.777778  20.000000  17.857143  17.500000  18.644068  36.101083  24.460432   6.959707  12.142857   6.428571   9.285714  17.968750  12.500000   2.142857  10.000000   0.000000   9.642857  13.571429   7.857143   8.571429   9.642857  10.000000  14.642857  11.785714  12.318841   9.642857  15.000000   8.571429   9.642857   9.642857  14.642857   7.857143   9.642857  10.469314   9.285714  13.214286  12.043796  10.714286  13.214286  26.978417  11.785714  15.000000  10.000000   9.642857  15.357143   7.857143  11.785714  13.919414   7.857143  27.797834  24.285714  24.014337  35.877863
254    16.406250  18.148148  21.071429  18.214286  18.571429  22.033898  36.823105  24.460432   7.692308  11.071429   6.785714   9.285714  14.062500  13.928571   8.571429  11.428571   9.642857   0.000000  14.285714   9.642857   9.285714  11.071429  10.000000  14.642857  13.214286  13.043478  12.142857  15.357143   8.214286  12.857143  10.000000  16.071429   7.142857   8.928571  10.469314   9.285714  12.500000  15.328467  13.214286  17.142857  27.697842  13.571429  13.571429  12.500000  12.142857  12.500000   8.928571  12.142857  16.849817   8.214286  28.158845  25.714286  25.089606  40.458015
307    14.062500  14.074074  14.642857  12.857143  15.357143  18.644068  33.574007  26.978417  13.919414  16.071429  14.285714  13.214286  11.718750  15.000000  11.785714  13.571429  13.571429  14.285714   0.000000  11.428571  17.500000   8.928571  14.642857   1.785714   9.642857  16.666667  10.000000  16.785714  12.857143  10.357143  14.285714  10.357143  16.071429  14.285714  11.913357  14.285714  16.071429  12.408759   9.285714  15.714286  29.496403   9.642857  17.142857  15.000000  10.000000  17.142857  13.928571  16.071429  21.611722  11.785714  25.631769  21.071429  20.788530  33.587786
323    17.187500  15.925926  16.785714  16.428571  16.071429  18.644068  35.740072  24.820144   8.791209  12.142857   8.928571   9.285714  11.718750  11.071429   6.071429  11.428571   7.857143   9.642857  11.428571   0.000000  11.428571   9.642857  10.357143  12.500000  11.785714  11.956522  10.000000  13.571429   8.571429   7.857143  10.000000  12.857143   9.642857  10.000000  11.552347  10.357143  12.500000  10.218978   7.142857  13.928571  27.338129   8.214286  14.285714  12.857143  10.000000  13.571429   9.285714  11.428571  15.750916   6.785714  27.075812  23.571429  23.655914  35.877863
383    22.656250  20.370370  22.857143  20.000000  20.357143  23.728814  39.350181  26.258993   8.791209  13.571429   8.571429  11.071429  17.968750  15.714286   8.928571  12.857143   8.571429   9.285714  17.500000  11.428571   0.000000  13.214286  11.071429  17.857143  15.357143  11.956522  12.857143  17.500000  10.714286  14.285714  10.714286  17.857143   7.142857  10.000000  14.440433  11.428571  15.000000  16.423358  14.642857  17.857143  28.776978  14.285714  16.071429  13.214286  13.571429  15.357143  10.000000  11.428571  15.750916   9.285714  30.324910  28.214286  27.598566  41.221374
429    13.281250  14.074074  16.071429  14.642857  14.285714  15.254237  34.296029  23.021583  11.721612  13.214286  11.071429  10.000000  10.937500  12.500000   8.571429  10.000000   9.642857  11.071429   8.928571   9.642857  13.214286   0.000000  11.071429   9.285714   2.142857  12.681159   3.571429  14.642857  11.071429   4.642857  11.785714  10.357143  12.142857  10.000000   9.747292  10.714286  13.928571   6.934307   4.285714  10.000000  26.258993   6.428571  15.714286  12.142857   2.857143  15.714286  12.142857  12.142857  17.582418   8.214286  24.909747  19.642857  20.788530  32.824427
431    21.875000  18.888889  21.785714  18.214286  19.285714  25.423729  36.823105  23.021583   9.157509  12.500000   9.642857  11.428571  14.843750  12.142857   8.928571  12.500000  10.000000  10.000000  14.642857  10.357143  11.071429  11.071429   0.000000  15.714286  13.214286   5.797101  11.071429  13.214286   9.285714  12.142857   8.928571  15.714286   9.642857   1.071429  14.440433   9.642857   8.928571  14.233577  13.214286  16.785714  24.820144  13.571429  10.000000  12.857143  11.785714  12.857143   8.214286   5.357143  16.849817   7.500000  27.797834  24.642857  24.014337  39.694656
453    15.625000  15.185185  15.714286  13.928571  16.428571  18.644068  33.935018  27.338129  14.285714  16.428571  14.642857  13.928571  14.062500  16.071429  12.857143  13.928571  14.642857  14.642857   1.785714  12.500000  17.857143   9.285714  15.714286   0.000000  10.714286  17.753623  11.071429  17.857143  13.928571  11.428571  14.642857  11.428571  16.428571  14.642857  12.996390  15.357143  17.142857  13.503650  10.357143  17.500000  30.575540  10.000000  18.214286  15.714286  11.071429  18.928571  15.000000  17.142857  22.710623  12.857143  26.714801  22.142857  21.863799  34.351145
522    14.843750  15.555556  17.500000  15.357143  15.714286  16.949153  35.018051  24.820144  13.919414  15.357143  13.214286  11.785714  10.937500  14.642857  10.714286  11.428571  11.785714  13.214286   9.642857  11.785714  15.357143   2.142857  13.214286  10.714286   0.000000  14.855072   5.000000  16.071429  12.500000   6.785714  13.928571  11.785714  14.285714  12.142857  11.191336  12.857143  15.357143   9.124088   5.000000  10.714286  28.057554   8.571429  17.142857  13.571429   3.571429  17.142857  14.285714  14.285714  19.413919  10.357143  25.631769  21.071429  22.222222  35.114504
614    23.437500  19.702602  22.826087  20.652174  20.289855  27.118644  36.996337  24.087591  13.011152  12.681159  12.681159  13.043478  15.625000  13.405797  10.507246  15.217391  12.318841  13.043478  16.666667  11.956522  11.956522  12.681159   5.797101  17.753623  14.855072   0.000000  11.956522  13.768116  11.956522  12.681159  10.144928  17.028986  11.231884   5.434783  16.117216  11.956522   9.057971  15.185185  14.130435  17.028986  25.912409  13.768116  10.144928  14.855072  13.405797  14.855072  11.956522   1.811594  16.356877   9.420290  28.571429  27.173913  25.818182  39.694656
630    14.062500  12.962963  15.357143  13.928571  12.857143  16.949153  33.212996  23.741007  10.989011  13.214286  10.357143   9.285714  10.937500  12.500000   8.571429  10.000000   9.642857  12.142857  10.000000  10.000000  12.857143   3.571429  11.071429  11.071429   5.000000  11.956522   0.000000  13.214286  10.714286   5.000000  11.428571   9.285714  11.071429  10.000000   9.747292  11.785714  13.571429   7.299270   4.285714   7.500000  26.978417   6.428571  13.928571  11.785714   1.428571  14.285714  12.142857  11.428571  16.117216   8.214286  23.826715  18.928571  19.354839  32.824427
876    20.312500  19.629630  21.428571  18.928571  17.500000  27.118644  34.657040  26.258993  13.553114  17.500000  15.000000  15.714286  18.750000  15.357143  13.214286  15.357143  15.000000  15.357143  16.785714  13.571429  17.500000  14.642857  13.214286  17.857143  16.071429  13.768116  13.214286   0.000000  13.214286  13.214286  15.000000  16.785714  15.357143  12.857143  16.606498  16.428571   5.714286  15.693431  13.571429  18.214286  28.776978  13.571429   6.071429  18.571429  14.642857  18.214286  13.928571  13.214286  21.611722  13.571429  27.436823  26.428571  25.806452  35.877863
913    21.875000  18.518519  19.642857  17.857143  18.928571  27.118644  35.379061  24.100719   8.058608  13.928571   7.857143  10.357143  14.062500  13.214286   8.214286  10.357143   8.571429   8.214286  12.857143   8.571429  10.714286  11.071429   9.285714  13.928571  12.500000  11.956522  10.714286  13.214286   0.000000  11.428571   8.928571  16.071429   8.928571   8.928571  11.913357   9.642857  11.071429  13.868613  12.500000  15.714286  26.618705  12.142857  12.857143  12.142857  11.428571  13.571429   7.500000  11.428571  15.750916   5.714286  26.353791  24.285714  23.297491  36.641221
945    12.500000  14.444444  16.071429  14.642857  14.285714  16.949153  34.296029  24.100719  12.454212  12.500000  11.785714  11.071429  12.500000  12.142857   7.857143  11.428571   9.642857  12.857143  10.357143   7.857143  14.285714   4.642857  12.142857  11.428571   6.785714  12.681159   5.000000  13.214286  11.428571   0.000000  12.500000  10.000000  13.214286  11.785714  11.191336  12.857143  13.571429   2.189781   3.571429  10.357143  26.618705   5.714286  15.357143  13.214286   4.285714  16.428571  12.857143  12.500000  18.681319   8.928571  26.353791  20.714286  21.505376  32.824427
1127   21.875000  18.148148  20.000000  18.928571  18.214286  27.118644  36.462094  24.460432   8.058608  13.928571   7.857143  10.000000  14.062500  13.571429   7.857143  11.071429   9.642857  10.000000  14.285714  10.000000  10.714286  11.785714   8.928571  14.642857  13.928571  10.144928  11.428571  15.000000   8.928571  12.500000   0.000000  16.428571   8.928571   7.857143  12.274368  10.357143  13.214286  14.963504  13.214286  17.142857  27.697842  12.142857  15.000000  10.714286  12.142857  15.357143   7.857143  10.000000  16.849817   7.857143  28.158845  24.642857  23.655914  37.404580
1175    7.812500   5.555556   8.214286   6.785714   7.857143  11.864407  33.212996  24.820144  15.384615  14.285714  15.357143  15.000000   7.812500  15.000000  12.857143  14.642857  14.642857  16.071429  10.357143  12.857143  17.857143  10.357143  15.714286  11.428571  11.785714  17.028986   9.285714  16.785714  16.071429  10.000000  16.428571   0.000000  16.071429  14.642857  10.469314  16.428571  16.428571  12.043796   8.571429  16.071429  28.057554  10.357143  18.214286  15.000000   9.285714  16.785714  17.142857  16.428571  22.344322  13.214286  22.743682  17.500000  18.996416  32.061069
1241   22.656250  19.629630  21.428571  18.928571  18.571429  22.033898  36.823105  24.460432   4.761905  13.214286   5.000000   8.928571  17.968750  12.857143   7.500000  10.714286   7.857143   7.142857  16.071429   9.642857   7.142857  12.142857   9.642857  16.428571  14.285714  11.231884  11.071429  15.357143   8.928571  13.214286   8.928571  16.071429   0.000000   8.571429  11.913357  10.357143  12.857143  15.693431  12.857143  16.071429  27.697842  12.500000  13.214286  11.785714  12.500000  14.285714   7.500000  10.714286  14.285714   8.214286  28.158845  26.428571  25.806452  38.931298
1292   21.093750  17.777778  20.714286  17.142857  18.214286  25.423729  35.740072  21.942446   8.058608  11.428571   8.571429  10.357143  14.062500  11.785714   8.571429  11.785714   9.642857   8.928571  14.285714  10.000000  10.000000  10.000000   1.071429  14.642857  12.142857   5.434783  10.000000  12.857143   8.928571  11.785714   7.857143  14.642857   8.571429   0.000000  13.357401   9.285714   8.571429  14.233577  12.142857  16.428571  24.460432  12.500000   9.642857  12.142857  10.714286  12.500000   7.857143   5.000000  16.483516   7.142857  26.714801  23.571429  22.939068  38.931298
1409   14.843750  13.108614  15.162455  15.162455  13.718412  13.559322  35.036496  24.363636  11.481481  14.440433  10.830325  11.191336  14.400000  15.162455   9.386282  11.191336  10.469314  10.469314  11.913357  11.552347  14.440433   9.747292  14.440433  12.996390  11.191336  16.117216   9.747292  16.606498  11.913357  11.191336  12.274368  10.469314  11.913357  13.357401   0.000000  12.635379  15.523466  13.284133  10.830325  15.884477  27.636364  11.913357  17.328520  12.996390   9.747292  15.523466  12.274368  15.523466  18.888889  10.830325  25.912409  21.299639  22.463768  32.824427
1501   21.875000  18.888889  22.500000  17.857143  20.000000  20.338983  37.545126  25.179856   9.157509  13.214286   9.642857  11.428571  17.187500  11.785714   8.928571  12.142857   9.285714   9.285714  14.285714  10.357143  11.428571  10.714286   9.642857  15.357143  12.857143  11.956522  11.785714  16.428571   9.642857  12.857143  10.357143  16.428571  10.357143   9.285714  12.635379   0.000000  14.285714  15.328467  13.928571  15.357143  27.697842  13.928571  16.071429  11.428571  12.500000  12.500000   7.500000  11.071429  15.750916   6.428571  28.519856  25.000000  25.806452  38.167939
1611   21.093750  19.259259  21.785714  18.928571  18.571429  23.728814  33.935018  24.460432  13.186813  13.928571  13.214286  14.642857  16.406250  13.928571  11.428571  16.071429  13.214286  12.500000  16.071429  12.500000  15.000000  13.928571   8.928571  17.142857  15.357143   9.057971  13.571429   5.714286  11.071429  13.571429  13.214286  16.428571  12.857143   8.571429  15.523466  14.285714   0.000000  16.058394  13.928571  18.571429  26.258993  14.285714   1.785714  17.142857  14.285714  15.714286  12.857143   9.285714  18.681319  12.142857  26.353791  26.785714  25.089606  36.641221
1704   14.062500  15.909091  18.248175  16.788321  16.788321  16.949153  36.531365  26.838235  14.606742  14.963504  14.233577  13.503650  15.573770  14.598540  10.218978  13.503650  12.043796  15.328467  12.408759  10.218978  16.423358   6.934307  14.233577  13.503650   9.124088  15.185185   7.299270  15.693431  13.868613   2.189781  14.963504  12.043796  15.693431  14.233577  13.284133  15.328467  16.058394   0.000000   5.839416  12.773723  29.044118   8.029197  17.883212  14.963504   6.569343  18.613139  15.328467  14.963504  21.348315  11.313869  28.782288  23.357664  24.175824  35.114504
1739    9.375000  12.222222  13.928571  12.500000  12.142857  15.254237  32.851986  24.460432  12.087912  12.857143  11.785714  11.428571   8.593750  12.857143   8.928571  11.785714  10.714286  13.214286   9.285714   7.142857  14.642857   4.285714  13.214286  10.357143   5.000000  14.130435   4.285714  13.571429  12.500000   3.571429  13.214286   8.571429  12.857143  12.142857  10.830325  13.928571  13.928571   5.839416   0.000000  10.000000  27.697842   3.571429  15.714286  13.214286   2.857143  16.785714  14.285714  13.571429  18.681319  10.000000  24.187726  18.928571  19.713262  32.824427
1751   20.312500  20.000000  22.500000  20.714286  18.928571  22.033898  39.711191  27.697842  16.483516  18.214286  16.071429  14.285714  14.843750  17.142857  12.857143  16.071429  13.214286  17.142857  15.714286  13.928571  17.857143  10.000000  16.785714  17.500000  10.714286  17.028986   7.500000  18.214286  15.714286  10.357143  17.142857  16.071429  16.071429  16.428571  15.884477  15.357143  18.571429  12.773723  10.000000   0.000000  30.215827  13.571429  18.928571  16.428571   7.500000  19.285714  16.428571  16.428571  18.315018  13.928571  30.685921  25.357143  26.523297  39.694656
1884   34.375000  32.462687  34.172662  31.294964  28.776978  28.813559  47.272727   3.597122  27.306273  27.338129  26.258993  28.417266  31.746032  26.978417  25.179856  28.417266  26.978417  27.697842  29.496403  27.338129  28.776978  26.258993  24.820144  30.575540  28.057554  25.912409  26.978417  28.776978  26.618705  26.618705  27.697842  28.057554  27.697842  24.460432  27.636364  27.697842  26.258993  29.044118  27.697842  30.215827   0.000000  27.697842  27.697842  28.776978  26.978417  30.215827  26.978417  25.179856  32.103321  26.258993  39.636364  33.453237  33.574007  43.511450
1891   14.062500  14.074074  15.000000  13.571429  13.928571  16.949153  34.296029  24.460432  11.721612  13.928571  11.428571  11.785714  10.156250  13.214286  10.000000  11.428571  11.785714  13.571429   9.642857   8.214286  14.285714   6.428571  13.571429  10.000000   8.571429  13.768116   6.428571  13.571429  12.142857   5.714286  12.142857  10.357143  12.500000  12.500000  11.913357  13.928571  14.285714   8.029197   3.571429  13.571429  27.697842   0.000000  16.071429  14.285714   6.428571  17.500000  13.928571  13.214286  18.681319   8.928571  25.992780  20.357143  21.146953  33.587786
2138   24.218750  21.111111  23.571429  20.714286  19.642857  25.423729  35.018051  25.899281  14.285714  15.714286  14.285714  16.428571  19.531250  15.000000  13.214286  17.142857  15.000000  13.571429  17.142857  14.285714  16.071429  15.714286  10.000000  18.214286  17.142857  10.144928  13.928571   6.071429  12.857143  15.357143  15.000000  18.214286  13.214286   9.642857  17.328520  16.071429   1.785714  17.883212  15.714286  18.928571  27.697842  16.071429   0.000000  18.214286  15.357143  16.785714  13.928571  10.357143  19.047619  13.928571  27.436823  27.857143  26.164875  37.404580
2147   21.093750  17.777778  20.714286  17.857143  19.285714  20.338983  36.823105  26.258993  10.622711  15.714286  10.000000  13.214286  19.531250  15.000000   8.928571  11.785714  10.000000  12.500000  15.000000  12.857143  13.214286  12.142857  12.857143  15.714286  13.571429  14.855072  11.785714  18.571429  12.142857  13.214286  10.714286  15.000000  11.785714  12.142857  12.996390  11.428571  17.142857  14.963504  13.214286  16.428571  28.776978  14.285714  18.214286   0.000000  11.785714  16.785714  10.714286  14.285714  17.582418  10.357143  28.519856  25.357143  25.448029  37.404580
2200   11.718750  13.333333  15.357143  13.928571  13.571429  16.949153  33.212996  23.741007  11.721612  13.214286  11.071429  10.000000   9.375000  13.214286   8.571429  10.714286   9.642857  12.142857  10.000000  10.000000  13.571429   2.857143  11.785714  11.071429   3.571429  13.405797   1.428571  14.642857  11.428571   4.285714  12.142857   9.285714  12.500000  10.714286   9.747292  12.500000  14.285714   6.569343   2.857143   7.500000  26.978417   6.428571  15.357143  11.785714   0.000000  15.714286  12.857143  12.857143  17.582418   8.928571  23.826715  18.928571  19.354839  34.351145
2344   21.875000  18.148148  21.071429  18.928571  18.214286  20.338983  38.628159  28.417266  13.919414  16.071429  14.285714  15.357143  13.281250  13.214286  14.285714  15.714286  15.357143  12.500000  17.142857  13.571429  15.357143  15.714286  12.857143  18.928571  17.142857  14.855072  14.285714  18.214286  13.571429  16.428571  15.357143  16.785714  14.285714  12.500000  15.523466  12.500000  15.714286  18.613139  16.785714  19.285714  30.215827  17.500000  16.785714  16.785714  15.714286   0.000000  12.142857  15.357143  18.315018  11.071429  29.963899  25.714286  26.164875  37.404580
2401   22.656250  19.259259  21.071429  18.928571  19.285714  25.423729  35.018051  24.460432   4.395604  13.928571   6.428571  10.000000  17.187500  12.142857   7.142857  11.071429   7.857143   8.928571  13.928571   9.285714  10.000000  12.142857   8.214286  15.000000  14.285714  11.956522  12.142857  13.928571   7.500000  12.857143   7.857143  17.142857   7.500000   7.857143  12.274368   7.500000  12.857143  15.328467  14.285714  16.428571  26.978417  13.928571  13.928571  10.714286  12.857143  12.142857   0.000000  10.714286  13.186813   7.142857  27.075812  24.642857  25.448029  36.641221
2412   24.218750  19.629630  22.500000  20.000000  19.642857  27.118644  36.462094  23.381295  11.721612  12.500000  12.142857  12.500000  15.625000  12.857143  10.000000  15.000000  11.785714  12.142857  16.071429  11.428571  11.428571  12.142857   5.357143  17.142857  14.285714   1.811594  11.428571  13.214286  11.428571  12.500000  10.000000  16.428571  10.714286   5.000000  15.523466  11.071429   9.285714  14.963504  13.571429  16.428571  25.179856  13.214286  10.357143  14.285714  12.857143  15.357143  10.714286   0.000000  16.117216   9.285714  27.436823  26.071429  24.731183  39.694656
2495   29.838710  23.193916  26.739927  24.542125  22.710623  27.272727  39.629630  29.520295  14.661654  19.413919  15.018315  16.849817  22.656250  18.681319  13.553114  18.315018  13.919414  16.849817  21.611722  15.750916  15.750916  17.582418  16.849817  22.710623  19.413919  16.356877  16.117216  21.611722  15.750916  18.681319  16.849817  22.344322  14.285714  16.483516  18.888889  15.750916  18.681319  21.348315  18.681319  18.315018  32.103321  18.681319  19.047619  17.582418  17.582418  18.315018  13.186813  16.117216   0.000000  15.384615  31.481481  31.501832  30.882353  39.370079
2652   19.531250  16.296296  17.857143  16.071429  17.142857  20.338983  35.018051  23.741007   7.326007  12.142857   7.142857   8.928571  13.281250  10.357143   6.785714   8.214286   7.857143   8.214286  11.785714   6.785714   9.285714   8.214286   7.500000  12.857143  10.357143   9.420290   8.214286  13.571429   5.714286   8.928571   7.857143  13.214286   8.214286   7.142857  10.830325   6.428571  12.142857  11.313869  10.000000  13.928571  26.258993   8.928571  13.928571  10.357143   8.928571  11.071429   7.142857   9.285714  15.384615   0.000000  25.992780  22.500000  22.222222  35.114504
d5     26.562500  24.344569  26.714801  25.631769  25.631769  37.288136  14.079422  36.000000  26.296296  28.158845  27.436823  27.797834  24.218750  28.519856  26.353791  27.797834  27.797834  28.158845  25.631769  27.075812  30.324910  24.909747  27.797834  26.714801  25.631769  28.571429  23.826715  27.436823  26.353791  26.353791  28.158845  22.743682  28.158845  26.714801  25.912409  28.519856  26.353791  28.782288  24.187726  30.685921  39.636364  25.992780  27.436823  28.519856  23.826715  29.963899  27.075812  27.436823  31.481481  25.992780   0.000000  20.577617  17.391304  21.093750
gig51  17.968750  20.370370  22.500000  21.785714  21.428571  27.118644  31.768953  31.294964  23.809524  25.357143  24.642857  25.357143  19.531250  23.928571  22.857143  25.357143  24.285714  25.714286  21.071429  23.571429  28.214286  19.642857  24.642857  22.142857  21.071429  27.173913  18.928571  26.428571  24.285714  20.714286  24.642857  17.500000  26.428571  23.571429  21.299639  25.000000  26.785714  23.357664  18.928571  25.357143  33.453237  20.357143  27.857143  25.357143  18.928571  25.714286  24.642857  26.071429  31.501832  22.500000  20.577617   0.000000  15.412186  22.137405
p54    19.531250  21.561338  23.297491  23.297491  22.222222  25.423729  26.811594  30.324910  24.264706  25.448029  24.372760  24.731183  17.968750  24.014337  22.580645  24.014337  24.014337  25.089606  20.788530  23.655914  27.598566  20.788530  24.014337  21.863799  22.222222  25.818182  19.354839  25.806452  23.297491  21.505376  23.655914  18.996416  25.806452  22.939068  22.463768  25.806452  25.089606  24.175824  19.713262  26.523297  33.574007  21.146953  26.164875  25.448029  19.354839  26.164875  25.448029  24.731183  30.882353  22.222222  17.391304  15.412186   0.000000  25.190840
h55    36.363636  32.061069  36.641221  33.587786  32.061069  37.931034  25.781250  41.984733  37.903226  38.931298  37.404580  35.877863   0.000000  35.877863  33.587786  38.167939  35.877863  40.458015  33.587786  35.877863  41.221374  32.824427  39.694656  34.351145  35.114504  39.694656  32.824427  35.877863  36.641221  32.824427  37.404580  32.061069  38.931298  38.931298  32.824427  38.167939  36.641221  35.114504  32.824427  39.694656  43.511450  33.587786  37.404580  37.404580  34.351145  37.404580  36.641221  39.694656  39.370079  35.114504  21.093750  22.137405  25.190840   0.000000